thermo all
   300.000  1000.000  5000.000
Ar                      Ar  1               G   200.000  6000.00  1000.0       1
 0.25000000E+01 0.00000000E+00 0.00000000E+00 0.00000000E+00 0.00000000E+00    2
-0.74537500E+03 0.43796749E+01 0.25000000E+01 0.00000000E+00 0.00000000E+00    3
 0.00000000E+00 0.00000000E+00-0.74537500E+03 0.43796749E+01 0.00000000E+00    4
Ar^+                    Ar  1 E -1          G   200.000  6000.00  1000.0       1
 2.88112242E+00-1.61448253E-04 1.88408792E-08 1.05317052E-12-2.29902592E-16    2
 1.82698356E+05 3.47046630E+00 2.58499602E+00-1.27110792E-03 5.12646199E-06    3
-5.84033673E-09 2.13932496E-12 1.82879208E+05 5.48412539E+00 1.83628188E+05    4
e                             E  1          G   298.150  6000.000 1000.        1
 2.50000000E+00 0.00000000E+00 0.00000000E+00 0.00000000E+00 0.00000000E+00    2
 3.46484092E+04-1.17940300E+01 2.50000000E+00 0.00000000E+00 0.00000000E+00    3
 0.00000000E+00 0.00000000E+00 3.46484092E+04-1.17940300E+01 0.00000000E+00    4
end